0.1
0.2
0.3
0.4
0.5
0.10714285714285714
0.10144927536231885
0.11764705882352941
0.1232876712328767
0.062111801242236024
0.06547619047619048
0.07142857142857142
0.0755813953488372
0.07777777777777778
0.08108108108108109
0.07766990291262135
0.08173076923076923
0.0861244019138756
0.09134615384615384
0.09259259259259259
0.0967741935483871
0.10091743119266056
0.10550458715596331
0.11009174311926606
0.11467889908256881
0.11926605504587157
0.12385321100917432
0.1278538812785388
0.1318181818181818
0.13513513513513514
0.13963963963963963
0.14414414414414414
0.13924050632911392
0.13076923076923078
0.13157894736842105
0.1258741258741259
0.12714776632302405
0.12624584717607973
0.12745098039215685
0.12987012987012986
0.12732919254658384
0.12650602409638553
0.1239193083573487
0.12188365650969529
0.12032085561497326
0.12010443864229765
0.10955710955710955
0.11214953271028037
0.11475409836065574
0.10940919037199125
0.10220440881763528
0.09403254972875226
0.09363957597173145
0.09168081494057725
0.09016393442622951
0.08763693270735524
0.08394698085419734
0.06728538283062645
0.06555555555555556
0.06659267480577137
0.06747787610619468
0.06724511930585683
0.06206896551724138
0.05871559633027523
0.055603079555175364
0.055
0.05550952775476388
0.05537459283387622
0.05609756097560976
0.05079825834542816
0.0446821900566394
0.04240282685512368
0.039847161572052404
0.04010840108401084
0.040365984930032295
0.03989501312335958
0.03896761133603239
0.03929471032745592
0.039818548387096774
0.04008016032064128
0.04039900249376559
0.040897755610972565
0.04141716566866267
0.041666666666666664
0.04197530864197531
0.04246913580246914
0.04298418972332016
0.043222003929273084
0.04352078239608802
0.044009779951100246
0.04452054794520548
0.04474708171206226
0.045036319612590796
0.04552058111380145
0.046027131782945735
0.046242774566473986
0.04652278177458034
0.04700239808153477
0.04750479846449136
0.04800768122899664
0.04821002386634845
0.04847908745247148
0.04895437262357415
0.04945316214931051
0.04964539007092199
0.04990583804143126
0.05037664783427495
0.05087140838436175
0.050068902158934316
0.050551470588235295
0.05098759761139182
0.05116491548652353
0.05141037306642402
0.051865332120109194
0.05203619909502263
0.05227579990986931
0.05272645335736818
0.05320108205590622
0.05367613892647722
0.05410279531109107
0.054578258908434825
0.054930211616389016
0.05299439896596295
0.05269868253293668
0.052388935456831515
0.04685756786909632
0.04714179658500371
0.04724990771502399
0.047409040793825796
0.047619047619047616
0.047775346462436176
0.04814004376367615
0.0484340859431901
0.04872727272727273
0.04863112391930836
0.04860614724803431
0.04875444839857651
0.04895352962043278
0.049308265342319975
0.04945249028611798
0.049647887323943665
0.05
0.05036984853821768
0.0507399577167019
0.05111032781106803
0.05144467935165609
0.05179704016913319
0.05213103205353998
0.05248326875660444
0.0528355054596689
0.05305692199578355
0.05340829234012649
0.052704099207716154
0.05306685044796692
0.05341144038594073
0.05373751291767138
0.054026152787336544
0.054388984509466436
0.054620405358983166
0.054945054945054944
0.05530745448299553
0.05565097904500172
0.0559945036070079
0.056338028169014086
0.05668155273102027
0.05702507729302645
0.057388316151202746
0.0577319587628866
0.05791638108293352
0.05821917808219178
0.0584016393442623
0.05870307167235495
0.058963871847307434
0.05918367346938776
0.059442934782608696
0.059661016949152545
0.05991875423155044
0.06019614474129185
0.060432140445644836
0.06070826306913996
0.060942760942760944
0.0611353711790393
0.06145063801208865
0.06174496644295302
0.062101376300772074
0.06204136090727151
0.06233333333333333
0.06266666666666666
0.06302100700233411
0.06327006327006326
0.06343407505812022
0.06374501992031872
0.06407702523240372
0.06440903054448871
0.0647410358565737
0.06505144374377697
0.06540504648074369
0.06571523398606041
0.06606905710491368
0.06642311524410495
0.0649644473173885
0.06530876172001293
0.06563207242159716
0.06595538312318137
0.06625727213962508
0.06658047834518423
0.06686046511627906
0.06698872785829307
0.06722418784174976
0.06750241080038573
0.06778027626084163
0.06805778491171749
0.06829111894838089
0.06856776674142903
0.06884406019852705
0.06912
0.06939558682443236
0.0696708213486737
0.06994570424784415
0.06984126984126984
0.07011421319796954
0.07038681039949271
0.07059195948084837
0.07086365074343562
0.07113499841922226
0.07140600315955767
0.07174462705436156
0.07206068268015171
0.07237673830594185
0.07248660573589663
0.07264150943396226
0.0729559748427673
0.07327044025157232
0.07360805284680717
0.07392261717521233
0.07421383647798742
0.07445805843543826
0.0747722274583726
0.07473420888055034
0.075046904315197
0.07535959974984366
0.07510862818125388
0.07541899441340782
0.07528540573896945
0.0755939524838013
0.07590249922863314
0.07614056720098644
0.07644882860665844
0.07678075855689177
0.07711289327575571
0.0752623688155922
0.07484407484407485
0.07516339869281045
0.0754604872251931
0.07573507573507574
0.07596439169139466
0.07621589561091341
0.07646710136336693
0.07678624369997035
0.07708271568336793
0.07735625370480143
0.07760663507109004
0.0778567199526347
0.07810650887573964
0.07835600236546422
0.07855877141169522
0.07869142351900972
0.07893961708394698
0.07916421424367275
0.07945850500294291
0.07972933215651662
0.07923099330032042
0.07885615251299827
0.07866781510192362
0.07897759908098793
0.07926479035037334
0.07955198161975877
0.07986210858948578
0.08014938236139041
0.08043665613329504
0.08019406392694065
0.08036477628954118
0.08051209103840683
0.080773606370876
0.08091993185689948
0.08118081180811808
0.08144154370034053
0.08170212765957446
0.08196256381168462
0.08201357466063348
0.08231966053748233
0.08257918552036199
0.0828385637545943
0.08309779536461277
0.08307519008729936
0.0833568009011546
0.08366197183098592
0.0839673147365455
0.0842728297632469
0.08457851705666761
0.08483652762119503
0.08514237383704538
0.08542430222723428
0.08568207440811725
0.08579465541490858
0.0851182197496523
0.08532518065591996
0.08522412838959602
0.08521787093215664
0.08542298153761367
0.08572216097023153
0.08602150537634409
0.08620214816854861
0.08633489139400605
0.08623049548316453
0.08650424308787298
0.08670678336980306
0.08489054991991457
0.08454810495626822
0.08432147562582346
0.08400942161737765
0.08424908424908426
0.08451072736787023
0.0847723704866562
0.08503401360544217
0.08531797958649569
0.08506763787721124
0.08534998698933126
0.08554342173686948
0.0858257477243173
0.08608582574772432
0.08636836628511967
0.08551617873651772
0.08575096277278563
0.08598562628336756
0.0855397148676171
0.08581614463967405
0.08559128893390731
0.08580106302201974
0.08605416350291066
0.0860242179616549
0.08623298033282904
0.08452439625431248
0.08479171801824008
0.08503820557061868
0.0847623713865752
0.08500734933855952
0.08512720156555773
0.08522588522588523
0.08534503779565959
0.08546384222059898
0.08558230002431315
0.08567961165048543
0.08579738245273873
0.08591481122942884
0.08611514271891631
0.08631528046421663
0.08653613729755862
0.08677785835146241
0.08699855002416626
0.08719806763285023
0.08743961352657005
0.08768115942028985
0.08792270531400966
0.08816425120772947
0.08840579710144927
0.08864734299516908
0.08888888888888889
0.0891304347826087
0.0893719806763285
0.08954863625392227
0.08976833976833977
0.09000965250965251
0.09020742884708152
0.09029617144233085
0.09049338146811071
0.09023456199138344
0.08955223880597014
0.08978914949064203
0.0894749234753944
0.08964705882352941
0.08990350670746058
0.0900117508813161
0.09026798307475317
0.09039680676215074
0.09056780854059127
0.09071729957805907
0.09084523530789042
0.09097287184284378
0.09090909090909091
0.09093023255813953
0.09116279069767441
0.0913953488372093
0.09162790697674418
0.0913928736695974
0.09162424803331791
0.09187688035177043
0.09183202584217813
0.09180855959502991
0.09174311926605505
0.09199357650837348
0.09224414869206057
0.09217749313815188
0.09242736215968886
0.09231821290175518
0.09248291571753986
0.08927396358850626
0.08927789934354485
0.08947713848173267
0.0894805761676124
0.0891153512575889
0.08935155063977446
0.089587852494577
0.08982425688869602
0.08992416034669556
0.09000432713111207
0.08987068965517242
0.09008620689655172
0.08895966029723991
0.08919091102144829
0.08936531521969858
0.08944467994913098
0.08958068614993647
0.08969748254707002
0.08981403212172442
0.08977871443624869
0.08957415565345081
0.0896522832006703
0.08963643961554534
0.08978910002088118
0.08982909545644019
0.08985024958402663
0.08990863787375415
0.09009757110234586
0.09015544041450778
0.09011988424968996
0.09014026402640264
0.09036517433463999
0.0905901774659513
0.09081527347781218
0.09104046242774566
0.09126574437332233
0.09149111937216027
0.09171658748192522
0.09194214876033058
0.09216780326513742
0.09239355105415462
0.09261939218523878
0.09284532671629446
0.0929944203347799
0.09226677577741407
0.09249028033558421
0.09233591520587037
0.0925586136595311
0.09278140293637846
0.0929853181076672
0.09318923327895595
0.09341219661431777
0.09363525091799266
0.09385839624566415
0.0909808565225972
0.09119621002763521
0.09110586383313656
0.09071358748778104
0.09027373325567851
0.09029257895756636
0.0900154202004626
0.09015603929878636
0.09026173979984603
0.09040200038468936
0.09010904916778267
0.09014514896867838
0.09026717557251908
0.0903373356203545
0.09044173648134045
0.0903054448871182
0.09020423600605143
0.09020569918852614
0.09012229539040452
0.08995502248875563
0.08988974023547
0.0897913561847988
0.08986046511627907
0.08999628114540721
0.09009845810886123
0.0902339398440401
0.09040282160757379
0.09058845368479673
0.09075723830734966
0.09080800593031875
0.09090909090909091
0.09107737874861163
0.09117810245977437
0.0910263497328174
0.09107635694572216
0.09107601909658465
0.09104231544238872
0.09117539362870743
0.09135847674844379
0.09154155986818015
0.09172464298791651
0.09190772610765287
0.09209080922738923
0.09128781017931534
0.09110589933249143
0.09113832853025937
0.09095801937567277
0.09115377713978108
0.09110434938249508
0.09113652609006433
0.0911685994647636
0.09105459719011204
0.09095744680851064
0.09084482149169318
0.09086097388849683
0.09103740296400847
0.09122992765131463
0.09142252029650547
0.09158284806776072
0.08936243340780203
0.0895496734272946
0.08969072164948454
0.08987798590823165
0.08975676601575883
0.08986648408079424
0.08991452991452992
0.0900392960874765
0.0902101486417222
0.09038100119596788
0.09055185375021356
0.09049079754601227
0.09033791815248769
0.09029307131966796
0.09032476319350474
0.09015840916750927
0.09008403361344537
0.09013091641490432
0.09020791415157613
0.090360435875943
0.09025572455289989
0.09015164139310115
0.09010806317539484
0.0901394422310757
0.09018567639257294
0.09008264462809917
0.09018830525272548
0.0901747444774151
0.09010194015126603
0.09028120374938332
0.09046052631578948
0.09063990787958545
0.09068506653523903
0.09084935107606375
0.09101363561688845
0.09117792015771316
0.09122231337161608
0.09129650876905425
0.09138552243694727
0.0914743904434626
0.09160804842139703
0.09160679294578707
0.09163541496820479
0.09178350179328335
0.09191655801825294
0.0920645266416816
0.09212239583333333
0.09225512528473805
0.09234270850268249
0.09219053791315619
0.09217335058214748
0.0923499919133107
0.09240710823909531
0.09227053140096618
0.09229779707348448
0.09141494435612083
0.0915302717304942
0.09066624764299183
0.09079484762802388
0.0908662900188324
0.09045539613225202
0.0899520049543273
0.08853057499239428
0.0884271196723798
0.08637775477000444
0.08625774107932763
0.08636698599852616
0.08610825876485258
0.08527918781725888
0.08543661154627212
0.0855568445475638
0.08566458907087984
0.08580953761414697
0.08568125993353562
0.08567719601903938
0.08568548387096774
0.08457499645239108
0.08422686230248307
0.0835896002236511
0.07989862611711351
0.07998933475536595
0.08010129281620686
0.08004254753357266
0.08017550857598724
0.08025511559925591
0.08036663124335813
0.0804780876494024
0.08061088977423639
0.08074369189907038
0.08087649402390439
0.08100929614873838
0.08114209827357238
0.08127490039840637
0.08140770252324037
0.08155133483862399
0.0814353813559322
0.08134160834543774
0.08141989970968594
0.08115561391989494
0.08032701790812354
0.0803837676649812
0.08019111570247933
0.08018563877787804
0.08010801080108011
0.08013355592654424
0.08027228358592345
0.08028728998332692
0.07989296636085627
0.08001019238119506
0.08010697911360164
0.08012209080503624
0.08015752032520325
0.08027435539184555
0.08041158536585366
0.08039563783920872
0.0804102823857161
0.08042488619119878
0.0803582692065094
0.08048442033556201
0.08056991552137183
0.0807061790668348
0.08057825267127593
0.08067353606433778
0.07908979089790898
0.07918357309725808
0.07925780289997543
0.07937093008969161
0.07902772688408452
0.07912087912087912
0.07918496827720839
0.07916209962245768
0.07910085054678007
0.0790686393402862
0.07917070805043647
0.0784454839870457
0.0784431137724551
0.07855346665070051
0.07867321278888756
0.07879295892707461
0.07891270506526164
0.07903245120344869
0.07915219734163573
0.07927194347982278
0.07939168961800983
0.07951143575619686
0.07963118189438391
0.07975092803257094
0.0797846889952153
0.07991386529489174
0.07937826293308022
0.07945920303605312
0.07957779886148007
0.07969639468690702
0.07981499051233397
0.07993358633776092
0.08005218216318785
0.0801707779886148
0.08028937381404175
0.0804079696394687
0.08052656546489563
0.08064516129032258
0.0806298839687426
0.08062418725617686
0.08072331875664815
0.08084150809596974
0.08095969743529134
0.08107788677461293
0.08120567375886525
0.08131426545325611
0.08143245479257771
0.0815506441318993
0.08166883347122089
0.08155568650559812
0.08144317781172876
0.08135036924158949
0.08143895008202484
0.08155612842746661
0.08167330677290836
0.08179048511835013
0.08190766346379189
0.08202484180923365
0.08214202015467542
0.08225919850011718
0.08237637684555894
0.0824935551910007
0.08261073353644247
0.08272791188188423
0.082825679475164
0.0829331146772871
0.08297249853715623
0.08307980341680318
0.08319681722443248
0.08331383103206179
0.08343084483969108
0.08354785864732038
0.08366487245494969
0.08378188626257899
0.08389890007020828
0.08399625643425362
0.0832561371005095
0.08311208588248875
0.08323712768413762
0.08331410108469882
0.08341986846659744
0.08354488806831295
0.08348687240902809
0.0835539187478421
0.08365937859608746
0.08369740170154058
0.08380273594666053
0.08392733961830307
0.08405197194434863
0.08417663293468261
0.08419480817826785
0.08427095292766934
0.0843857634902411
0.08451027672522678
0.08461538461538462
0.08473992421632794
0.08470884915176524
0.08476517754868271
0.08480201419089037
0.08485818847209516
0.08448942460768706
0.08461276015011941
0.08468796180516085
0.08471496706790825
0.08481889406154196
0.08493244010446235
0.0850363306085377
0.08514986376021798
0.08526339691189827
0.08537693006357856
0.08525815217391304
0.08515925005647165
0.08526256352343309
0.08509680324178298
0.08497025479851836
0.0850729517396184
0.08507061197041023
0.08511591443610707
0.08510400357861776
0.085177733065057
0.08528951486697965
0.0854012966689023
0.08552263834544438
0.0856248602727476
0.08570790032405855
0.08561872909698996
0.08573977031999108
0.08586083853702052
0.08587658721318779
0.08597839403051565
0.08609935397638672
0.0858378618165687
0.08593923264581947
0.0860405809956758
0.08614190687361419
0.08624321028710787
0.08534180543382998
0.08500435919790758
0.08506698616708419
0.08515735598388326
0.08527553909823568
0.08519886981091067
0.08530754183873071
0.08520325203252033
0.08495250431778929
0.08474940847494085
0.08480223559759244
0.08490059108006448
0.08492591797294395
0.08502415458937199
0.08494001713796058
0.0847294845800875
0.08458346632620492
0.0843488396736251
0.08430294055426274
0.08395581273014203
0.0840168243953733
0.08402478731225711
0.0837165551839465
0.08356778159841617
0.08365454734868215
0.08243617348508152
0.08250486829968227
0.08254813600983203
0.08258288988948015
0.08252476764375447
0.08263534218590399
0.08252674477840041
0.08202690401537373
0.08183009170613725
0.08181543725470464
0.08174332195219923
0.08167151017135986
0.08158368326334733
0.08145563310069791
0.08156346594874862
0.08146821844225605
0.08156769123644683
0.0815779014308426
0.08151527171757239
0.08162253297629674
0.08172170980858871
0.08182088664088069
0.08192006347317267
0.08201924030546465
0.08211841713775662
0.0822175939700486
0.0822841280856548
0.08235060945396888
0.08240887480190175
0.08245891902593545
0.08252523253512764
0.08258332509148453
0.082633191657606
0.08270750988142292
0.08276543209876543
0.0825624876992718
0.08262836907338186
0.08268606823321208
0.0826868309928312
0.08274440518256773
0.0828181728976548
0.08289189719442809
0.08295744263581094
0.08302293667908253
0.08309652131308182
0.08316191595650896
0.08312958435207823
0.0831704456606724
0.08322750805900166
0.08309790550414028
0.08318721994934736
0.08322787890586976
0.08323609490470633
0.08328474246841594
0.08330905913195456
0.08339805825242719
0.08350325274298476
0.08360034954849986
0.08370557389784423
0.0838108186850539
0.08376963350785341
0.08384220219055927
0.0838010450938649
0.08369533738777875
0.08377569732651288
0.08384793516016982
0.08389585342333655
0.08379028379028379
0.08379780895637133
0.08378119001919386
0.08370845704434442
0.08381226053639847
0.0839080459770115
0.08396361895643849
0.08397092578423872
0.08407460545193687
0.08405769414461745
0.08350710900473933
0.08301957831325302
0.08273212779911927
0.08211797491871807
0.08188378978534419
0.08198389932451189
0.08190968695170375
0.08188860199188491
0.08181483526596724
0.08186919326648882
0.0815934065934066
0.08159531650201245
0.08138157295179076
0.08133187772925764
0.08113498322908168
0.08094678832776221
0.080934764955337
0.08060317745265237
0.08039706671436236
0.08034996875278994
0.08020295531422468
0.080149280255909
0.08016690340909091
0.08025568181818182
0.08015233371711983
0.0801982827299283
0.08020160933769564
0.08029003448580777
0.08025072834819458
0.08033901297784056
0.0803492679484918
0.080352422907489
0.08026373626373626
0.08034458509142053
0.08002448836802518
0.08011895390536167
0.08013632788604387
0.08020269089638302
0.08026901912830815
0.08033531260915124
0.08040859088528025
0.08048886948930598
0.08055507069296561
0.0806282722513089
0.0807014482638283
0.08076755342346272
0.08084067323624314
0.08090671316477768
0.08097271855661117
0.08106694560669456
0.08115411436541144
0.08124128312412832
0.08132845188284518
0.08141562064156206
0.08150278940027894
0.08158995815899582
0.08167712691771269
0.08176429567642957
0.08185146443514645
0.08193863319386332
0.08202580195258019
0.08211297071129707
0.08220013947001395
0.08228730822873083
0.0823744769874477
0.08246164574616457
0.08254881450488145
0.08263598326359832
0.0827231520223152
0.08281032078103208
0.08289748953974896
0.08298465829846582
0.0830718270571827
0.08315899581589958
0.08324616457461646
0.08333333333333333
0.08342050209205021
0.08350767085076709
0.08359483960948397
0.08368200836820083
0.08376917712691771
0.08385634588563459
0.08394351464435146
0.08403068340306834
0.08412518524976026
0.08421970357454228
0.0842995379653038
0.08439407149084568
0.08447389068084736
0.08442123585726719
0.08450091375859368
0.0845879383865634
0.08467496301453312
0.08476198764250283
0.08484901227047255
0.08493603689844226
0.08503046127067015
0.08455087749632575
0.08441838406484435
0.08440272155714408
0.08435807034138791
0.08402498502609737
0.08403145836895196
0.08403074295473954
0.08412332393885046
0.08410816343939265
0.08412170800306827
0.08394935848415329
0.08404146838885113
0.08413359394917991
0.08391904479634177
0.08370601636992658
0.08335431881138253
0.08334730840181116
0.08343815513626834
0.08338914936369725
0.08334726634342084
0.08343086440394583
0.08351446246447082
0.08359806052499583
0.08368165858552082
0.08376525664604581
0.08385586489423962
0.08393245276709581
0.08392484342379958
0.08391725058391725
0.08390967419381719
0.08390211420009988
0.08389457054959674
0.08388704318936877
0.08387953206670538
0.08387203712912315
0.0838645583243646
0.08385709560039696
0.08384964890541098
0.08383529994223946
0.08382789317507418
0.0838136011855755
0.08379934210526316
0.08379199868561571
0.08378467093385852
0.08377735879990163
0.08377006223386832
0.08376278118609407
0.08375551560712535
0.08374826544771856
0.08374103065883888
0.0837338111916592
0.08372660699755899
0.08371941802812322
0.08371224423514129
0.0837050855706059
0.08369794198671204
0.08369081343585592
0.0836836998706339
0.08367660124384137
0.08366951750847185
0.08366244861771581
0.08364192561584285
0.08363490148773622
0.08372205243686666
0.08380247707897699
0.08388290172108734
0.08397007962679964
0.08404375100530803
0.08413094184830693
0.08420460028952871
0.08410239948639756
0.08418940609951846
0.08422234699606962
