100
100
100
100
100
100
2
2
18
100
80
51
100
100
100
100
18
20
2
72
85
64
68
56
59
61
66
61
62
71
61
58
79
100
58
97
81
24
27
26
100
32
100
92
49
14
100
100
2
25
100
100
91
100
100
97
100
100
100
100
2
100
100
100
100
100
74
100
100
100
100
100
100
70
76
100
100
100
70
100
100
100
64
100
100
100
70
100
100
100
70
100
100
100
70
100
100
100
64
64
100
100
100
64
100
100
100
64
100
8
76
100
100
100
100
100
100
64
70
76
70
100
100
100
100
100
54
100
100
100
100
100
100
100
50
100
100
100
100
100
100
100
64
64
78
100
100
100
92
100
100
100
100
100
100
14
40
2
100
49
100
100
1
1
1
1
100
100
41
85
64
73
47
91
39
59
47
44
60
55
34
76
58
27
2
100
26
100
100
40
42
100
100
67
31
79
100
31
14
18
100
3
100
100
100
100
100
100
52
100
48
100
76
76
36
81
44
67
40
50
59
28
64
22
80
20
90
100
91
100
100
19
58
97
97
81
100
100
100
100
100
100
100
100
100
100
43
81
100
100
100
100
81
81
81
100
100
22
24
24
90
100
78
100
100
100
100
29
28
27
27
100
100
100
26
26
26
100
100
100
100
100
100
100
100
25
17
73
100
100
32
32
32
100
100
100
100
100
100
100
14
100
100
100
100
34
100
21
12
2
12
18
60
100
86
100
99
74
74
77
78
18
100
2
22
20
29
15
32
16
100
18
100
93
100
88
46
36
25
19
100
50
100
18
4
100
50
55
100
36
35
39
37
37
37
100
100
88
6
16
26
50
27
27
100
27
32
27
67
100
63
100
100
37
100
76
78
21
9
43
100
34
100
32
100
100
100
100
100
100
100
25
25
100
80
100
18
100
100
100
2
3
100
2
100
30
100
69
71
100
100
100
3
100
100
100
100
5
100
100
59
93
62
53
86
100
100
100
100
100
100
100
100
59
100
100
100
3
3
3
3
3
18
18
18
18
18
18
18
25
100
2
100
3
71
100
100
100
100
100
100
100
100
100
100
100
100
47
100
100
100
100
100
100
100
100
100
100
100
100
100
100
100
100
100
100
100
100
100
100
100
100
100
100
100
100
100
100
100
100
100
100
100
100
100
78
100
30
100
100
100
100
100
100
100
25
100
100
100
50
25
68
100
100
99
100
100
97
100
100
100
100
100
100
100
100
100
100
100
100
100
100
100
100
100
100
100
100
3
18
18
100
100
100
100
100
100
100
100
100
100
100
100
100
100
100
100
100
100
100
30
100
91
100
100
85
100
90
100
100
100
100
100
100
100
94
100
100
30
80
100
1
100
100
100
100
100
100
100
100
75
100
100
100
100
100
100
100
100
100
100
100
100
100
54
85
82
100
100
81
100
100
100
100
23
100
100
100
100
100
100
100
30
100
100
100
100
100
16
30
100
75
100
30
75
100
100
63
100
13
100
100
74
73
100
100
100
100
100
100
100
100
100
100
100
100
24
100
100
100
100
100
100
100
100
100
100
100
100
100
100
100
100
100
100
100
100
100
100
100
100
100
100
100
100
100
100
100
100
100
100
100
100
100
100
100
10
100
86
100
100
100
100
100
100
100
100
24
100
100
30
100
11
30
100
12
7
16
16
2
2
30
100
12
4
30
16
30
100
100
100
82
100
30
100
99
100
100
100
100
100
100
100
100
16
100
100
12
100
100
100
100
100
100
30
100
100
100
30
4
100
12
30
100
11
7
99
100
100
100
100
100
100
100
7
100
100
100
100
100
16
12
100
100
100
100
100
100
100
100
100
100
100
100
100
100
100
100
100
100
100
81
28
100
100
100
100
30
100
13
87
100
100
100
100
100
100
100
100
100
100
100
100
100
100
100
100
100
100
100
100
100
100
100
100
100
100
100
100
100
100
100
100
100
100
100
100
100
100
100
100
4
5
100
100
100
100
100
2
79
100
100
91
100
100
100
100
100
100
48
100
100
100
100
100
18
100
92
100
100
100
85
47
100
83
45
55
82
100
100
100
98
69
45
100
62
100
100
100
100
100
100
83
100
100
74
100
94
39
47
100
89
69
86
97
43
91
77
51
48
48
48
48
48
48
48
48
48
48
48
48
48
48
48
48
48
48
48
48
48
48
48
48
48
48
48
48
48
48
48
48
48
48
48
100
100
100
82
100
75
100
100
100
100
100
100
100
100
100
50
100
100
100
100
100
100
100
100
62
6
32
100
100
50
100
71
100
100
100
100
100
100
100
100
100
100
100
100
100
100
100
100
100
100
100
100
100
100
100
100
100
100
100
100
100
100
100
100
100
100
100
100
100
100
100
100
100
100
100
100
100
100
100
75
100
18
100
100
18
100
