32.6382593133611
17.89161448064877
11.525674145572989
7.245173665682401
23.4420785411534
21.81151941947775
12.746555962335608
20.076801713480393
28.161337269482775
27.438875006979526
32.666888489237756
36.475362607244634
30.82575669262207
30.977234866633555
34.82587067430559
21.69803565664972
23.399415029129297
25.256855976380912
14.58954740838931
15.235193333869182
16.21956841062222
15.487617938730015
23.75101026279733
20.530869611749733
11.743406591363971
12.366398706498307
7.752939663690631
25.808586346644205
27.113829577741466
14.160962983728902
14.466894930103704
14.083405008139959
9.09201117152467
15.976833556298967
18.20417421237187
13.780657879605952
18.2211316478395
19.99460464320533
19.379218964347075
17.395506217022245
10.494883739672993
20.208205703169497
15.92277457268044
20.408163262153753
19.52013016448287
19.619063125494296
13.474494725000405
13.85795594931684
13.446023843712728
9.956357962365939
9.611533811241417
9.604917727842695
9.968930161641712
