2.2190001010894775
3.127000093460083
4.0320000648498535
4.913000106811523
5.789000034332275
9.56000018119812
11.318000078201294
12.45900011062622
13.696000099182129
20.426000118255615
25.77400016784668
26.76800012588501
28.66700005531311
29.799000024795532
30.70300006866455
33.66000008583069
34.98099994659424
35.28400015830994
36.66000008583069
38.89800000190735
40.479000091552734
42.07599997520447
43.587000131607056
45.860000133514404
47.396000146865845
48.91000008583069
50.44200015068054
52.01900005340576
53.58299994468689
55.75699996948242
57.26400017738342
58.85199999809265
60.66499996185303
84.88300013542175
86.13700008392334
88.40300011634827
90.02999997138977
91.4539999961853
92.6470000743866
93.73000001907349
95.72500014305115
97.4430000782013
99.87700009346008
102.70600008964539
104.79200005531311
105.68300008773804
109.91300010681152
110.62800002098083
111.44799995422363
114.53800010681152
118.67900013923645
124.38199996948242
127.25
129.56299996376038
133.02600002288818
136.50600004196167
140.46900010108948
155.2039999961853
160.8470001220703
165.3420000076294
166.08599996566772
168.13100004196167
174.95000004768372
183.9869999885559
192.05700016021729
197.2170000076294
198.11500000953674
200.93200016021729
204.42300009727478
214.16799998283386
241.0460000038147
248.6360001564026
258.30800008773804
259.48800015449524
260.6930000782013
264.5680000782013
271.3919999599457
273.1760001182556
273.9060001373291
276.50300002098083
281.3970000743866
282.78700017929077
283.48099994659424
286.1289999485016
290.6390001773834
292.0840001106262
292.88100004196167
295.6319999694824
300.7039999961853
302.13700008392334
302.8910000324249
305.6089999675751
310.28400015830994
311.728000164032
312.44900012016296
315.1950001716614
319.73600006103516
321.22699999809265
321.86899995803833
322.7720000743866
325.68300008773804
330.2090001106262
331.59500002861023
332.3120000362396
334.90499997138977
339.46399998664856
340.8970000743866
341.6390001773834
345.8220000267029
346.02699995040894
346.7810001373291
349.4560000896454
354.1800000667572
355.61500000953674
358.3050000667572
362.9560000896454
364.3359999656677
364.98800015449524
365.9590001106262
366.8470001220703
367.5840001106262
388.5069999694824
398.17900013923645
402.3900001049042
406.9100000858307
431.50100016593933
432.40300011634827
434.0039999485016
436.62400007247925
441.13499999046326
443.03200006484985
444.4539999961853
445.7880001068115
446.87199997901917
449.7000000476837
451.8430001735687
454.45099997520447
459.345999956131
460.7569999694824
463.4170000553131
468.1850001811981
469.6180000305176
470.239000082016
470.9170000553131
487.25100016593933
488.32400012016296
489.3289999961853
491.08200001716614
492.10700011253357
493.5640001296997
495.3580000400543
496.38499999046326
505.63100004196167
507.0529999732971
507.9720001220703
512.4590001106262
514.6909999847412
515.6790001392365
518.1310000419617
520.1480000019073
521.5460000038147
522.0600001811981
522.5880000591278
522.8580000400543
523.1110000610352
523.3589999675751
525.7920000553131
528.1779999732971
530.4300000667572
532.2620000839233
533.8200001716614
535.4260001182556
536.7300000190735
538.1490001678467
539.7330000400543
541.2180001735687
542.6170001029968
543.978000164032
545.3940000534058
546.9900000095367
548.4019999504089
550.3489999771118
551.3410000801086
552.3589999675751
553.5120000839233
557.5220000743866
578.5069999694824
580.8710000514984
581.3780000209808
587.4990000724792
589.2430000305176
590.625
591.7669999599457
592.6600000858307
593.5590000152588
595.5269999504089
596.949000120163
598.5199999809265
599.3810000419617
600.0299999713898
613.9910001754761
614.7269999980927
617.0380001068115
619.2699999809265
621.0090000629425
622.7640001773834
624.4760000705719
626.6180000305176
628.5050001144409
630.2410001754761
631.9360001087189
634.2599999904633
636.1240000724792
638.0510001182556
639.7339999675751
641.4379999637604
643.3500001430511
645.0190000534058
646.8700001239777
649.5810000896454
651.2650001049042
652.9300000667572
654.9130001068115
656.7139999866486
658.6130001544952
660.4739999771118
661.2660000324249
662.2760000228882
663.2250001430511
665.1180000305176
666.5350000858307
667.1040000915527
667.9320001602173
669.2699999809265
670.7660000324249
671.9070000648499
673.1900000572205
674.375
676.404000043869
678.1400001049042
679.9120001792908
682.8680000305176
685.5900001525879
687.819000005722
689.4550001621246
691.0800001621246
692.3359999656677
693.5810000896454
694.7730000019073
696.3619999885559
705.8559999465942
709.018000125885
710.1000001430511
711.0620000362396
712.1219999790192
714.1670000553131
715.6019999980927
717.5410001277924
718.9060001373291
720.1460001468658
721.2300000190735
722.3289999961853
723.529000043869
724.6330001354218
725.8070001602173
727.2560000419617
728.7200000286102
729.8470001220703
731.0640001296997
731.5230000019073
732.460000038147
738.0920000076294
741.4140000343323
745.0510001182556
745.4860000610352
745.8789999485016
746.268000125885
747.4470000267029
748.6300001144409
749.7269999980927
757.2760000228882
758.7599999904633
760.268000125885
761.6470000743866
763.2569999694824
764.3980000019073
765.5350000858307
766.7190001010895
767.8389999866486
770.0700001716614
771.949000120163
772.9210000038147
774.0499999523163
774.7030000686646
776.047000169754
777.0629999637604
778.0460000038147
779.0480000972748
780.0590000152588
781.0310001373291
781.6879999637604
783.5750000476837
785.5299999713898
786.5010001659393
788.1630001068115
793.6340000629425
794.8200001716614
796.7660000324249
798.6549999713898
802.3029999732971
802.654000043869
803.0720000267029
803.8890001773834
804.9409999847412
806.9880001544952
807.8010001182556
809.0640001296997
816.8140001296997
821.864000082016
826.4680001735687
830.9509999752045
831.3359999656677
834.8289999961853
835.6620001792908
838.2300000190735
839.0729999542236
842.0240001678467
842.9590001106262
844.1870000362396
844.9690001010895
846.5970001220703
847.3819999694824
851.5800001621246
852.3450000286102
852.837000131607
855.470999956131
856.3789999485016
858.3359999656677
859.5770001411438
860.1390001773834
862.3830001354218
863.1579999923706
872.6950001716614
873.1210000514984
874.0980000495911
879.3310000896454
880.795000076294
882.7610001564026
884.8129999637604
886.9739999771118
888.9539999961853
890.9100000858307
892.9320001602173
894.9030001163483
896.8710000514984
897.5629999637604
898.7250001430511
899.1610000133514
899.460000038147
899.8949999809265
901.6470000743866
903.1260001659393
904.7750000953674
906.4190001487732
908.0020000934601
909.6210000514984
911.2750000953674
912.8890001773834
914.4479999542236
916.0840001106262
917.8070001602173
919.4830000400543
921.0460000038147
922.0610001087189
924.228000164032
925.2620000839233
928.3300001621246
931.5410001277924
931.9230000972748
935.074000120163
937.4769999980927
939.1210000514984
941.6390001773834
943.3070001602173
945.7929999828339
948.2660000324249
950.8700001239777
953.2320001125336
955.7139999866486
959.9560000896454
963.239000082016
965.3550000190735
967.4730000495911
971.8040001392365
975.3359999656677
977.9539999961853
978.3940000534058
981.7260000705719
984.3280000686646
987.3990001678467
988.1000001430511
988.9839999675751
990.4869999885559
991.2760000228882
995.0640001296997
995.7539999485016
1007.9460000991821
1010.5650000572205
1011.3150000572205
1014.0670001506805
1016.3289999961853
1017.7160000801086
1020.8040001392365
1022.2369999885559
1024.4700000286102
1026.960000038147
1032.5039999485016
1032.726000070572
1037.837000131607
1040.53400015831
1042.6150000095367
1045.3430001735687
1047.4750001430511
1049.6360001564026
1051.8020000457764
1054.558000087738
1057.9160001277924
1060.353000164032
1063.220999956131
1065.4690001010895
1068.3070001602173
1070.986999988556
1073.5729999542236
1075.6070001125336
1078.3830001354218
1081.6679999828339
1084.4809999465942
1085.3020000457764
1086.1530001163483
1086.9800000190735
1087.8029999732971
1088.625
1089.0920000076294
1089.4690001010895
1089.858999967575
1090.2430000305176
1090.654000043869
1091.0280001163483
1091.4000000953674
1094.042000055313
1099.0659999847412
1100.1000001430511
1108.3359999656677
1109.1730000972748
1109.7640001773834
1111.215000152588
1113.353000164032
1117.6690001487732
1121.4179999828339
1125.5299999713898
1139.7480001449585
1143.4240000247955
1147.65900015831
1153.0889999866486
1158.8020000457764
1162.739000082016
1167.805999994278
1168.3700001239777
1172.0789999961853
1175.478000164032
1180.9350001811981
1184.789999961853
1188.3289999961853
1192.2090001106262
1195.7650001049042
1201.4360001087189
1206.2269999980927
1210.3110001087189
1214.6730000972748
1219.3700001239777
1223.5570001602173
1227.7400000095367
1231.4860000610352
1234.9070000648499
1238.4720001220703
1241.8670001029968
1245.7480001449585
1250.0770001411438
1253.8040001392365
1257.7760000228882
1261.3259999752045
1264.4479999542236
1268.138000011444
1272.5780000686646
1276.2620000839233
1280.1050000190735
1284.039999961853
1287.3200001716614
1291.4260001182556
1295.0659999847412
1298.7980000972748
1302.6909999847412
1306.5480000972748
1311.351000070572
1315.6440000534058
1318.9279999732971
1322.9340000152588
1323.5520000457764
1327.335000038147
1330.8559999465942
1334.6289999485016
1338.776999950409
1343.2350001335144
1346.9980001449585
1350.9010000228882
1355.3840000629425
1359.75200009346
1362.1660001277924
1364.9340000152588
1376.1870000362396
1378.8760001659393
1379.6130001544952
1382.5880000591278
1386.5069999694824
1389.3200001716614
1392.8980000019073
1396.449000120163
1398.5650000572205
1399.9750001430511
1401.3789999485016
1402.9479999542236
1404.8540000915527
1406.2309999465942
1407.5030000209808
1409.4500000476837
1412.5859999656677
1413.9980001449585
1415.2799999713898
1416.2750000953674
1420.266000032425
1423.9590001106262
1427.404000043869
1431.154000043869
1434.6180000305176
1438.6260001659393
1442.095999956131
1445.3760001659393
1449.1660001277924
1449.949000120163
1450.420000076294
1450.8050000667572
1454.125
1456.9179999828339
1459.6280000209808
1462.904000043869
1466.0520000457764
1469.2450001239777
1472.3029999732971
1475.3840000629425
1478.630000114441
1482.720999956131
1485.906000137329
1488.7960000038147
1491.8680000305176
1494.65900015831
1497.781000137329
1500.65900015831
1503.6440000534058
1507.5350000858307
1511.3200001716614
1512.026999950409
1520.2890000343323
1523.0810000896454
1525.9570000171661
1533.917000055313
1537.8740000724792
1545.7699999809265
1547.3489999771118
1549.8830001354218
1556.366000175476
1561.3270001411438
1572.6310000419617
1576.5540001392365
1589.2320001125336
1592.7590000629425
1594.598000049591
1598.4570000171661
1604.3129999637604
1604.8280000686646
1606.353000164032
1607.9860000610352
1608.2380001544952
1623.6340000629425
1626.837000131607
1629.6360001564026
1640.5570001602173
1645.8380000591278
1653.1510000228882
1690.3610000610352
1691.8200001716614
1695.6419999599457
1698.8580000400543
1699.40900015831
1702.4690001010895
1705.7580001354218
1708.3029999732971
1711.406000137329
1714.1579999923706
1716.7330000400543
1718.8250000476837
1721.319000005722
1723.9030001163483
1725.7309999465942
1728.6920001506805
1730.4079999923706
1732.8580000400543
1734.6340000629425
1737.6419999599457
1741.8430001735687
1743.8580000400543
1746.6390001773834
1748.8540000915527
1751.5230000019073
1753.6419999599457
1754.074000120163
1756.3070001602173
1758.8580000400543
1759.2710001468658
1760.5940001010895
1762.914999961853
1764.9400000572205
1767.0220000743866
1767.4010000228882
1769.6950001716614
1771.8210000991821
1773.851000070572
1776.2890000343323
1778.5080001354218
1778.9400000572205
1779.4230000972748
1781.0789999961853
1781.789999961853
1788.6930000782013
1789.1400001049042
1789.9450001716614
1794.6610000133514
1798.3680000305176
1799.2539999485016
1800.0910000801086
1800.930999994278
1802.50200009346
1804.005000114441
1804.8650000095367
1809.0060000419617
1809.9670000076294
1814.9739999771118
1819.9900000095367
1824.8760001659393
1829.7870001792908
1834.4360001087189
1839.3630001544952
1844.0520000457764
1848.7610001564026
1853.465000152588
1858.4570000171661
1863.2170000076294
1863.851000070572
1865.029000043869
1869.0610001087189
1873.960000038147
1878.7870001792908
1883.7160000801086
1888.430999994278
1893.4300000667572
1898.1640000343323
1902.8760001659393
1907.9070000648499
1912.5810000896454
1917.5670001506805
1922.8740000724792
1924.0150001049042
1925.414999961853
1930.1390001773834
1934.9560000896454
1940.0750000476837
1945.2039999961853
1945.8819999694824
1950.6419999599457
1955.5390000343323
1960.3919999599457
1965.228000164032
1967.3270001411438
1969.3040001392365
1971.3650000095367
1976.2000000476837
1981.0610001087189
1985.7599999904633
1990.4460000991821
1995.460000038147
2000.2039999961853
2004.9500000476837
2009.8550000190735
2014.547000169754
2019.4860000610352
2027.5820000171661
2035.7030000686646
2036.210000038147
2044.9500000476837
2046.3159999847412
2054.742000102997
2063.048000097275
2071.611000061035
2080.5390000343323
2088.6310000419617
2097.087000131607
2105.419000148773
2114.141000032425
2114.9249999523163
2122.2780001163483
2124.880000114441
2125.3310000896454
2133.582999944687
2134.1100001335144
2134.5930001735687
2137.4550001621246
2138.1210000514984
2138.9100000858307
2140.082999944687
2140.6260001659393
2141.324000120163
2141.9939999580383
2142.5069999694824
2150.8760001659393
2151.4769999980927
2152.0280001163483
2152.4939999580383
2153.173000097275
2153.65700006485
2155.4160001277924
2164.047000169754
2166.585000038147
2168.048000097275
2174.986000061035
2175.473999977112
2184.4900000095367
2186.2610001564026
2194.978000164032
2203.2490000724792
2211.8819999694824
2220.7699999809265
2229.322000026703
2237.7860000133514
2240.042999982834
2242.351000070572
2243.2590000629425
2246.018000125885
2248.460000038147
2249.042000055313
2251.2780001163483
2253.435000181198
2255.851000070572
2264.2039999961853
2272.6260001659393
2274.1449999809265
2274.569000005722
2278.837000131607
2280.992000102997
2285.669000148773
2286.177999973297
2286.6310000419617
2290.4700000286102
2291.435000181198
2291.914999961853
2295.9980001449585
2296.5380001068115
2297.087000131607
2298.1979999542236
2298.861999988556
2307.3570001125336
2312.463000059128
2313.0800001621246
2313.4450001716614
2314.6419999599457
2316.9960000514984
2317.2269999980927
2320.266000032425
2346.526000022888
2349.588000059128
2351.672000169754
2353.7960000038147
2354.9990000724792
2355.5360000133514
2357.8710000514984
2361.0520000457764
2363.861000061035
2367.558000087738
2369.776000022888
2376.0620000362396
2378.0280001163483
2380.2960000038147
2384.728000164032
2387.2480001449585
2389.588000059128
2401.2599999904633
2402.7350001335144
2404.5060000419617
2406.2160000801086
2409.542999982834
2411.585000038147
2414.151000022888
2420.3120000362396
2424.042999982834
2425.866000175476
2428.0670001506805
2430.3180000782013
2432.670000076294
2435.4450001716614
2435.947000026703
2438.7320001125336
2439.489000082016
2442.380000114441
2444.726000070572
2449.1150000095367
2453.417000055313
2457.827000141144
2462.236999988556
2466.5169999599457
2471.465000152588
2475.815999984741
2479.0090000629425
2482.0729999542236
2485.2640001773834
2488.686000108719
2491.7290000915527
2494.848999977112
2498.3140001296997
2501.3389999866486
2504.548000097275
2509.8359999656677
2512.9639999866486
2516.2890000343323
2520.271000146866
2524.164999961853
2527.2350001335144
2530.337000131607
2533.5499999523163
2536.8559999465942
2539.9100000858307
2543.707999944687
2547.4210000038147
2550.986000061035
2554.3519999980927
2558.3860001564026
2562.090000152588
2565.319000005722
2568.944000005722
2572.1189999580383
2575.574000120163
2587.8650000095367
2613.5889999866486
2615.1230001449585
2615.310000181198
2615.491000175476
2622.419000148773
2625.3120000362396
2627.2139999866486
2629.832000017166
2631.5169999599457
2632.611000061035
2634.059000015259
2638.7000000476837
2640.5250000953674
2642.2690000534058
2644.3760001659393
2646.0060000419617
2652.2160000801086
2653.7330000400543
2657.207000017166
2660.170000076294
2663.380000114441
2672.9270000457764
2678.90900015831
2684.6050000190735
2691.276000022888
2696.391000032425
2697.361999988556
2701.4639999866486
2703.0750000476837
2706.03200006485
2709.367000102997
2714.5670001506805
2716.8570001125336
2721.7309999465942
2725.005000114441
2728.824000120163
2732.920000076294
2734.128000020981
2739.2000000476837
2743.7599999904633
2746.289999961853
2749.861999988556
2752.2350001335144
2754.4960000514984
2756.12700009346
2760.069000005722
2761.8259999752045
2764.2170000076294
2766.6440000534058
2769.62700009346
2772.6330001354218
2775.055999994278
2777.6050000190735
2780.572000026703
2784.4130001068115
2790.936000108719
2791.5199999809265
2794.9430000782013
2798.044000148773
2800.9400000572205
2803.848000049591
2806.840000152588
2809.808000087738
2812.7560000419617
2815.709000110626
2818.923000097275
2821.9370000362396
2824.8840000629425
2827.901999950409
2830.9079999923706
2833.8630001544952
2837.228000164032
2840.220999956131
2843.683000087738
2846.611999988556
2849.590000152588
2852.8040001392365
2856.2269999980927
2859.4930000305176
2862.414999961853
2865.337000131607
2868.332000017166
2871.513000011444
2874.6610000133514
2877.90900015831
2880.9539999961853
2883.936000108719
2886.8280000686646
2889.755000114441
2892.867000102997
2895.8680000305176
2898.78400015831
2901.7669999599457
2904.7450001239777
2907.6500000953674
2910.9479999542236
2913.8420000076294
2916.914999961853
2920.3810000419617
2923.5800001621246
2927.486000061035
2930.4830000400543
2933.3630001544952
2936.337000131607
2939.2799999713898
2945.1480000019073
2949.3949999809265
2955.2109999656677
2958.4769999980927
2964.5889999866486
2968.518000125885
2974.4809999465942
2980.309000015259
2985.920000076294
2991.65700006485
2997.3259999752045
3003.1330001354218
3007.460000038147
3014.435000181198
3019.1630001068115
3022.50200009346
3026.475000143051
3032.5240001678467
3035.3200001716614
3039.28400015831
3041.7870001792908
3044.2139999866486
3046.5350000858307
3051.9249999523163
3054.018000125885
3054.3440001010895
3058.2669999599457
3063.3710000514984
3069.5940001010895
3073.1760001182556
3076.65700006485
3079.7309999465942
3086.1349999904633
3091.888000011444
3097.529000043869
3103.3570001125336
3109.0069999694824
3114.991000175476
3119.391000032425
3125.4530000686646
3131.574000120163
3137.8890001773834
3144.0080001354218
3150.233999967575
3156.4379999637604
3162.4990000724792
3169.2699999809265
3175.361000061035
3182.0299999713898
3188.430000066757
3194.809000015259
3200.9800000190735
3206.9700000286102
3213.3570001125336
3219.4100000858307
3225.3919999599457
3231.6950001716614
3238.2480001449585
3244.6480000019073
3250.9370000362396
3257.2750000953674
3263.40900015831
3269.5490000247955
3275.8289999961853
3281.8970000743866
3288.0490000247955
3294.1630001068115
3300.226000070572
3306.1900000572205
3313.016000032425
3319.151000022888
3325.2560000419617
3331.630000114441
3337.702000141144
3343.923000097275
3350.0920000076294
3354.350000143051
3358.838000059128
3362.962000131607
3366.108999967575
3370.305999994278
3370.8740000724792
3375.1180000305176
3378.867000102997
3379.305000066757
3383.146000146866
