100
200
300
400
500
600
602
604
622
722
802
853
953
1053
1153
1253
1271
1291
1293
1365
1450
1514
1582
1638
1697
1758
1824
1885
1947
2018
2079
2137
2216
2316
2374
2471
2552
2576
2603
2629
2729
2761
2861
2953
3002
3016
3116
3216
3218
3243
3343
3443
3534
3634
3734
3831
3931
4031
4131
4231
4233
4333
4433
4533
4633
4733
4807
4907
5007
5107
5207
5307
5407
5477
5553
5653
5753
5853
5923
6023
6123
6223
6287
6387
6487
6587
6657
6757
6857
6957
7027
7127
7227
7327
7397
7497
7597
7697
7761
7825
7925
8025
8125
8189
8289
8389
8489
8553
8653
8661
8737
8837
8937
9037
9137
9237
9337
9401
9471
9547
9617
9717
9817
9917
10017
10117
10171
10271
10371
10471
10571
10671
10771
10871
10921
11021
11121
11221
11321
11421
11521
11621
11685
11749
11827
11927
12027
12127
12219
12319
12419
12519
12619
12719
12819
12833
12873
12875
12975
13024
13124
13224
13225
13226
13227
13228
13328
13428
13469
13554
13618
13691
13738
13829
13868
13927
13974
14018
14078
14133
14167
14243
14301
14328
14330
14430
14456
14556
14656
14696
14738
14838
14938
15005
15036
15115
15215
15246
15260
15278
15378
15381
15481
15581
15681
15781
15881
15981
16033
16133
16181
16281
16357
16433
16469
16550
16594
16661
16701
16751
16810
16838
16902
16924
17004
17024
17114
17214
17305
17405
17505
17524
17582
17679
17776
17857
17957
18057
18157
18257
18357
18457
18557
18657
18757
18857
18900
18981
19081
19181
19281
19381
19462
19543
19624
19724
19824
19846
19870
19894
19984
20084
20162
20262
20362
20462
20562
20591
20619
20646
20673
20773
20873
20973
20999
21025
21051
21151
21251
21351
21451
21551
21651
21751
21851
21876
21893
21966
22066
22166
22198
22230
22262
22362
22462
22562
22662
22762
22862
22962
22976
23076
23176
23276
23376
23410
23510
23531
23543
23545
23557
23575
23635
23735
23821
23921
24020
24094
24168
24245
24323
24341
24441
24443
24465
24485
24514
24529
24561
24577
24677
24695
24795
24888
24988
25076
25122
25158
25183
25202
25302
25352
25452
25470
25474
25574
25624
25679
25779
25815
25850
25889
25926
25963
26000
26100
26200
26288
26294
26310
26336
26386
26413
26440
26540
26567
26599
26626
26693
26793
26856
26956
27056
27093
27193
27269
27347
27368
27377
27420
27520
27554
27654
27686
27786
27886
27986
28086
28186
28286
28386
28411
28436
28536
28616
28716
28734
28834
28934
29034
29036
29039
29139
29141
29241
29271
29371
29440
29511
29611
29711
29811
29814
29914
30014
30114
30214
30219
30319
30419
30478
30571
30633
30686
30772
30872
30972
31072
31172
31272
31372
31472
31572
31631
31731
31831
31931
31934
31937
31940
31943
31946
31964
31982
32000
32018
32036
32054
32072
32097
32197
32199
32299
32302
32373
32473
32573
32673
32773
32873
32973
33073
33173
33273
33373
33473
33573
33620
33720
33820
33920
34020
34120
34220
34320
34420
34520
34620
34720
34820
34920
35020
35120
35220
35320
35420
35520
35620
35720
35820
35920
36020
36120
36220
36320
36420
36520
36620
36720
36820
36920
37020
37120
37220
37320
37398
37498
37528
37628
37728
37828
37928
38028
38128
38228
38253
38353
38453
38553
38603
38628
38696
38796
38896
38995
39095
39195
39292
39392
39492
39592
39692
39792
39892
39992
40092
40192
40292
40392
40492
40592
40692
40792
40892
40992
41092
41192
41292
41295
41313
41331
41431
41531
41631
41731
41831
41931
42031
42131
42231
42331
42431
42531
42631
42731
42831
42931
43031
43131
43231
43261
43361
43452
43552
43652
43737
43837
43927
44027
44127
44227
44327
44427
44527
44627
44721
44821
44921
44951
45031
45131
45132
45232
45332
45432
45532
45632
45732
45832
45932
46007
46107
46207
46307
46407
46507
46607
46707
46807
46907
47007
47107
47207
47307
47361
47446
47528
47628
47728
47809
47909
48009
48109
48209
48232
48332
48432
48532
48632
48732
48832
48932
48962
49062
49162
49262
49362
49462
49478
49508
49608
49683
49783
49813
49888
49988
50088
50151
50251
50264
50364
50464
50538
50611
50711
50811
50911
51011
51111
51211
51311
51411
51511
51611
51711
51811
51835
51935
52035
52135
52235
52335
52435
52535
52635
52735
52835
52935
53035
53135
53235
53335
53435
53535
53635
53735
53835
53935
54035
54135
54235
54335
54435
54535
54635
54735
54835
54935
55035
55135
55235
55335
55435
55535
55635
55735
55745
55845
55931
56031
56131
56231
56331
56431
56531
56631
56731
56755
56855
56955
56985
57085
57096
57126
57226
57238
57245
57261
57277
57279
57281
57311
57411
57423
57427
57457
57473
57503
57603
57703
57803
57885
57985
58015
58115
58214
58314
58414
58514
58614
58714
58814
58914
59014
59030
59130
59230
59242
59342
59442
59542
59642
59742
59842
59872
59972
60072
60172
60202
60206
60306
60318
60348
60448
60459
60466
60565
60665
60765
60865
60965
61065
61165
61265
61272
61372
61472
61572
61672
61772
61788
61800
61900
62000
62100
62200
62300
62400
62500
62600
62700
62800
62900
63000
63100
63200
63300
63400
63500
63600
63700
63781
63809
63909
64009
64109
64209
64239
64339
64352
64439
64539
64639
64739
64839
64939
65039
65139
65239
65339
65439
65539
65639
65739
65839
65939
66039
66139
66239
66339
66439
66539
66639
66739
66839
66939
67039
67139
67239
67339
67439
67539
67639
67739
67839
67939
68039
68139
68239
68339
68439
68443
68448
68548
68648
68748
68848
68948
68950
69029
69129
69229
69320
69420
69520
69620
69720
69820
69920
69968
70068
70168
70268
70368
70468
70486
70586
70678
70778
70878
70978
71063
71110
71210
71293
71338
71393
71475
71575
71675
71775
71873
71942
71987
72087
72149
72249
72349
72449
72549
72649
72749
72832
72932
73032
73106
73206
73300
73339
73386
73486
73575
73644
73730
73827
73870
73961
74038
74089
74137
74185
74233
74281
74329
74377
74425
74473
74521
74569
74617
74665
74713
74761
74809
74857
74905
74953
75001
75049
75097
75145
75193
75241
75289
75337
75385
75433
75481
75529
75577
75625
75673
75721
75769
75869
75969
76069
76151
76251
76326
76426
76526
76626
76726
76826
76926
77026
77126
77226
77276
77376
77476
77576
77676
77776
77876
77976
78076
78138
78144
78176
78276
78376
78426
78526
78597
78697
78797
78897
78997
79097
79197
79297
79397
79497
79597
79697
79797
79897
79997
80097
80197
80297
80397
80497
80597
80697
80797
80897
80997
81097
81197
81297
81397
81497
81597
81697
81797
81897
81997
82097
82197
82297
82397
82497
82597
82697
82797
82897
82997
83097
83197
83297
83372
83472
83490
83590
83690
83708
83808
