10
10
10
10
10
56
69
68
73
161
168
168
172
180
185
206
208
209
208
216
217
218
218
218
218
218
218
219
220
222
222
222
237
260
266
286
291
301
306
308
322
332
347
361
374
383
429
428
427
457
499
553
566
589
610
639
679
862
900
901
904
922
1015
1090
1169
1200
1207
1228
1230
1378
1589
1698
1832
1845
1858
1905
1976
1985
1984
1996
2005
2005
2004
2016
2025
2025
2024
2036
2045
2045
2044
2056
2065
2065
2064
2076
2085
2085
2084
2083
2095
2104
2104
2103
2115
2124
2124
2123
2177
2176
2177
2189
2198
2198
2210
2219
2219
2218
2217
2218
2217
2221
2321
2353
2386
2689
2694
2709
2721
2730
2742
2742
2746
2750
2776
2798
2810
2819
2819
2831
2840
2840
2839
2838
2837
2838
2838
2839
2839
2839
2846
2846
2903
2902
2902
2903
2906
2905
2911
2912
2911
2911
2911
2911
2911
2911
2910
2910
2918
2920
2928
2930
2934
2940
2944
2950
2954
2957
2962
2965
2970
2977
2978
2980
2979
2998
3000
3000
2999
3003
3011
3012
3012
3012
3012
3013
3012
3013
3012
3011
3094
3093
3093
3093
3094
3094
3096
3105
3109
3111
3113
3115
3119
3121
3123
3125
3127
3129
3131
3150
3152
3154
3159
3161
3163
3165
3164
3164
3164
3173
3180
3180
3180
3179
3179
3180
3183
3183
3198
3198
3198
3222
3222
3241
3241
3241
3244
3244
3243
3242
3335
3367
3366
3366
3367
3370
3372
3374
3373
3373
3374
3376
3378
3380
3382
3386
3393
3395
3398
3398
3399
3433
3462
3483
3482
3482
3482
3481
3481
3481
3504
3509
3515
3516
3522
3523
3524
3525
3526
3536
3535
3536
3537
3538
3551
3551
3550
3549
3548
3547
3548
3547
3547
3548
3555
3595
3598
3614
3626
3629
3628
3627
3631
3637
3653
3653
3656
3746
3773
3795
3821
3822
3822
3822
3822
3821
3844
3843
3846
3845
3845
3844
3894
3895
3896
3928
3927
3949
3951
3951
3964
3966
4058
4057
4057
4082
4082
4088
4095
4101
4107
4113
4120
4126
4132
4134
4136
4137
4137
4138
4140
4140
4140
4140
4140
4140
4140
4140
4140
4140
4143
4144
4144
4146
4153
4155
4178
4221
4221
4247
4250
4249
4255
4254
4259
4262
4266
4271
4276
4290
4300
4300
4300
4300
4322
4322
4321
4334
4346
4360
4359
4358
4372
4371
4387
4390
4559
4570
4571
4582
4612
4611
4610
4609
4615
4622
4640
4640
4710
4709
4711
4718
4722
4727
4732
4745
4767
4774
4786
4789
4798
4808
4816
4817
4825
4838
4848
4847
4846
4845
4844
4843
4842
4841
4840
4839
4838
4837
4836
4839
4888
4887
4906
4905
4904
4904
4904
4903
4902
4901
5067
5066
5082
5115
5151
5161
5188
5191
5196
5199
5227
5236
5240
5247
5252
5271
5288
5299
5315
5336
5351
5368
5375
5378
5383
5386
5387
5387
5388
5396
5401
5402
5407
5427
5435
5446
5459
5462
5462
5462
5462
5462
5462
5521
5543
5552
5574
5573
5587
5596
5605
5623
5640
5658
5668
5668
5667
5666
5667
5819
5818
5820
5819
5838
5842
5850
5853
5853
5853
5853
5868
5889
5903
5912
5934
5950
5958
5964
5965
5983
6001
6015
6024
6032
6050
6054
6066
6082
6081
6080
6079
6087
6087
6087
6087
6095
6101
6106
6111
6113
6124
6133
6134
6136
6137
6144
6146
6151
6172
6184
6183
6190
6210
6219
6290
6293
6364
6366
6372
6412
6459
6574
6593
6761
6782
6785
6817
6895
6894
6896
6899
6899
6921
6933
6944
7047
7088
7154
7497
7501
7503
7521
7521
7526
7528
7530
7530
7530
7530
7530
7530
7530
7530
7529
7552
7573
7578
7615
7706
7713
7744
7757
7777
7787
7786
7797
7848
7849
7852
7863
7872
7873
7872
7886
7897
7908
7927
7927
7931
7930
7955
7958
8130
8133
8138
8139
8187
8190
8196
8211
8230
8246
8248
8337
8350
8351
8351
8351
8351
8351
8351
8351
8351
8351
8351
8351
8360
8359
8428
8432
8432
8432
8432
8432
8432
8432
8432
8432
8432
8432
8446
8459
8461
8461
8461
8461
8460
8461
8461
8461
8461
8485
8509
8531
8534
8534
8534
8534
8534
8534
8534
8534
8534
8534
8534
8534
8536
8537
8545
8546
8546
8546
8546
8546
8546
8546
8546
8548
8636
8663
8662
8666
8667
8666
8684
8689
8690
8698
8699
8698
8697
8696
8706
8710
8710
8709
8710
8709
8724
8730
8738
8744
8794
8793
8797
8806
8807
8807
8808
8808
8808
8808
8832
8854
8855
8884
8909
8910
8922
8929
8942
8946
8946
8946
8945
8946
8949
8970
8969
8968
8978
8979
8978
9017
9018
9019
9020
9021
9128
9176
9181
9183
9182
9202
9202
9225
9264
9298
9304
9305
9314
9315
9336
9371
9399
9437
9454
9505
9510
9521
9568
9597
9599
9753
9757
9764
9772
9791
9790
9815
9887
9923
9937
9958
9979
10002
10030
10029
10053
10053
10064
10084
10083
10083
10083
10083
10083
10083
10083
10087
10091
10096
10102
10106
10111
10117
10120
10125
10162
10166
10171
10183
10188
10191
10194
10198
10202
10205
10209
10225
10232
10237
10265
10266
10273
10284
10290
10299
10300
10299
10299
10298
10297
10314
10317
10334
10359
10361
10364
10370
10395
10406
10420
10441
10440
10440
10445
10456
10455
10469
10550
10624
10673
10765
10808
10807
10829
10844
10866
10871
10920
10932
10973
10992
11031
11069
11083
11141
11182
11201
11234
11254
11264
11264
11291
11297
11309
11309
11327
11327
11338
11350
11375
11376
11434
11433
11443
11446
11449
11452
11454
11455
11458
11460
11462
11465
11467
11470
11473
11472
11472
11472
11472
11472
11472
11472
11472
11472
11472
11472
11472
11472
11472
11472
11472
11472
11472
11472
11472
11472
11472
11472
11472
11472
11472
11472
11472
11472
11472
11472
11472
11472
11472
11472
11471
11470
11471
11470
11471
11490
11491
11491
11491
11491
11491
11491
11490
11567
11597
11611
11629
11687
11698
11710
11709
11723
11733
11769
11768
11767
11809
11851
11913
11926
11925
11944
11962
11962
11962
11962
11962
11962
11961
11962
11975
11988
12001
12014
12027
12040
12053
12066
12079
12092
12105
12119
12132
12146
12160
12173
12186
12199
12212
12225
12238
12251
12264
12277
12290
12303
12316
12329
12342
12355
12368
12381
12394
12407
12422
12435
12434
12434
12434
12433
12434
12433
12434
12461
12460
12467
