10
1
1
1
1
47
14
0
6
89
8
1
5
9
6
22
3
2
0
9
2
2
1
1
1
1
1
2
2
3
1
1
16
24
7
21
6
11
6
3
15
11
16
15
14
10
47
0
0
31
43
55
14
24
22
30
41
184
39
2
4
19
94
76
80
32
8
22
3
149
212
110
135
14
14
48
72
10
0
13
10
1
0
13
10
1
0
13
10
1
0
13
10
1
0
13
10
1
0
0
13
10
1
0
13
10
1
0
55
0
2
13
10
1
13
10
1
0
0
2
0
5
101
33
34
304
6
16
13
10
13
1
5
5
27
23
13
10
1
13
10
1
0
0
0
2
1
2
1
1
8
1
58
0
1
2
4
0
7
2
0
1
1
1
1
1
0
1
9
3
9
3
5
7
5
7
5
4
6
4
6
8
2
3
0
20
3
1
0
5
9
2
1
1
1
2
0
2
0
0
84
0
1
1
2
1
3
10
5
3
3
3
5
3
3
3
3
3
3
20
3
3
6
3
3
3
0
1
1
10
8
1
1
0
1
2
4
1
16
1
1
25
1
20
1
1
4
1
0
0
94
33
0
1
2
4
3
3
0
1
2
3
3
3
3
5
8
3
4
1
2
35
30
22
0
1
1
0
1
1
24
6
7
2
7
2
2
2
2
11
0
2
2
2
14
1
0
0
0
0
2
0
1
2
8
41
4
17
13
4
0
0
5
7
17
1
4
91
28
23
27
2
1
1
1
0
24
0
4
0
1
0
51
2
2
33
0
23
3
1
14
3
93
0
1
26
1
7
8
7
7
7
8
7
7
3
3
2
1
2
3
1
1
1
1
1
1
1
1
1
4
2
1
3
8
3
24
44
1
27
4
0
7
0
6
4
5
6
6
15
11
1
1
1
23
1
0
14
13
15
0
0
15
0
17
4
170
12
2
12
31
0
0
0
7
8
19
1
71
0
3
8
5
6
6
14
23
8
13
4
10
11
9
2
9
14
11
0
0
0
0
0
0
0
0
0
0
0
0
4
50
0
20
0
0
1
1
0
0
0
167
0
17
34
37
11
28
4
6
4
29
10
5
8
6
20
18
12
17
22
16
18
8
4
6
4
2
1
2
9
6
2
6
21
9
12
14
4
1
1
1
1
1
60
23
10
23
0
15
10
10
19
18
19
11
1
0
0
2
153
0
3
0
20
5
9
4
1
1
1
16
22
15
10
23
17
9
7
2
19
19
15
10
9
19
5
13
17
0
0
0
9
1
1
1
9
7
6
6
3
12
10
2
3
2
8
3
6
22
13
0
8
21
10
72
4
72
3
7
41
48
116
20
169
22
4
33
79
0
3
4
1
23
13
12
104
42
67
344
5
3
19
1
6
3
3
1
1
1
1
1
1
1
0
24
22
6
38
92
8
32
14
21
11
0
12
52
2
4
12
10
2
0
15
12
12
20
1
5
0
26
4
173
4
6
2
49
4
7
16
20
17
3
90
14
2
1
1
1
1
1
1
1
1
1
1
10
0
70
5
1
1
1
1
1
1
1
1
1
1
15
14
3
1
1
1
0
2
1
1
1
25
25
23
4
1
1
1
1
1
1
1
1
1
1
1
3
2
9
2
1
1
1
1
1
1
1
3
89
28
0
5
2
0
19
6
2
9
2
0
0
0
11
5
1
0
2
0
16
7
9
7
51
0
5
10
2
1
2
1
1
1
25
23
2
30
26
2
13
8
14
5
1
1
0
2
4
22
0
0
11
2
0
40
2
2
2
2
108
49
6
3
0
21
1
24
40
35
7
2
10
2
22
36
29
39
18
52
6
12
48
30
3
155
5
8
9
20
0
26
73
37
15
22
22
24
29
0
25
1
12
21
0
1
1
1
1
1
1
5
5
6
7
5
6
7
4
6
38
5
6
13
6
4
4
5
5
4
5
17
8
6
29
2
8
12
7
10
2
0
1
0
0
18
4
18
26
3
4
7
26
12
15
22
0
1
6
12
0
15
82
75
50
93
44
0
23
16
23
6
50
13
42
20
40
39
15
59
42
20
34
21
11
1
28
7
13
1
19
1
12
13
26
2
59
0
11
4
4
4
3
2
4
3
3
4
3
4
4
0
1
1
1
1
1
1
1
1
1
1
1
1
1
1
1
1
1
1
1
1
1
1
1
1
1
1
1
1
1
1
1
1
1
1
0
0
2
0
2
20
2
1
1
1
1
1
0
78
31
15
19
59
12
13
0
15
11
37
0
0
43
43
63
14
0
20
19
1
1
1
1
1
0
2
14
14
14
14
14
14
14
14
14
14
14
15
14
15
15
14
14
14
14
14
14
14
14
14
14
14
14
14
14
14
14
14
14
14
16
14
0
1
1
0
2
0
2
28
0
8
